what,kind,bundleId,bundleVersion,description,time
started,bundle,org.eclipse.equinox.ds,1.4.400.v20160226-2036,"org.eclipse.equinox.ds",1582775490794
started,bundle,org.eclipse.equinox.event,1.3.200.v20160324-1850,"org.eclipse.equinox.event",1582775490794
started,bundle,org.eclipse.equinox.p2.artifact.repository,1.1.500.v20160419-0834,"org.eclipse.equinox.p2.artifact.repository",1582775490794
started,bundle,org.eclipse.equinox.p2.core,2.4.100.v20160419-0834,"org.eclipse.equinox.p2.core",1582775490795
started,bundle,org.eclipse.equinox.p2.directorywatcher,1.1.100.v20150423-1455,"org.eclipse.equinox.p2.directorywatcher",1582775490796
started,bundle,org.eclipse.equinox.p2.engine,2.4.100.v20160419-0834,"org.eclipse.equinox.p2.engine",1582775490796
started,bundle,org.eclipse.equinox.p2.metadata,2.3.100.v20160427-2220,"org.eclipse.equinox.p2.metadata",1582775490796
started,bundle,org.eclipse.equinox.p2.metadata.repository,1.2.300.v20160419-0834,"org.eclipse.equinox.p2.metadata.repository",1582775490797
started,bundle,org.eclipse.equinox.p2.operations,2.4.200.v20160504-1450,"org.eclipse.equinox.p2.operations",1582775490797
started,bundle,org.eclipse.equinox.p2.reconciler.dropins,1.1.400.v20160504-1450,"org.eclipse.equinox.p2.reconciler.dropins",1582775490797
started,bundle,org.eclipse.equinox.p2.repository,2.3.200.v20160421-0324,"org.eclipse.equinox.p2.repository",1582775490798
started,bundle,org.eclipse.equinox.p2.transport.ecf,1.1.201.v20161115-1927,"org.eclipse.equinox.p2.transport.ecf",1582775490799
started,bundle,org.eclipse.equinox.p2.ui,2.4.100.v20160419-0834,"org.eclipse.equinox.p2.ui",1582775490799
started,bundle,org.eclipse.equinox.p2.ui.sdk.scheduler,1.3.0.v20161124-1529,"org.eclipse.equinox.p2.ui.sdk.scheduler",1582775490799
started,bundle,org.eclipse.equinox.p2.updatechecker,1.1.300.v20161124-1529,"org.eclipse.equinox.p2.updatechecker",1582775490799
started,bundle,org.eclipse.equinox.preferences,3.6.1.v20160815-1406,"org.eclipse.equinox.preferences",1582775490799
started,bundle,org.eclipse.equinox.registry,3.6.100.v20160223-2218,"org.eclipse.equinox.registry",1582775490799
started,bundle,org.eclipse.equinox.security,1.2.200.v20150715-1528,"org.eclipse.equinox.security",1582775490800
started,bundle,org.eclipse.equinox.util,1.0.500.v20130404-1337,"org.eclipse.equinox.util",1582775490800
started,bundle,org.eclipse.help,3.7.0.v20160602-1307,"org.eclipse.help",1582775490800
started,bundle,org.eclipse.jdt.core,3.12.3.v20170228-1205,"org.eclipse.jdt.core",1582775490801
started,bundle,org.eclipse.jdt.core.manipulation,1.7.0.v20160419-0705,"org.eclipse.jdt.core.manipulation",1582775490801
started,bundle,org.eclipse.jdt.launching,3.8.101.v20161111-2014,"org.eclipse.jdt.launching",1582775490801
started,bundle,org.eclipse.jdt.ui,3.12.2.v20160929-0804,"org.eclipse.jdt.ui",1582775490801
started,bundle,org.eclipse.jem.util,2.1.200.v201404021757,"org.eclipse.jem.util",1582775490801
started,bundle,org.eclipse.jgit,4.6.1.201703071140-r,"org.eclipse.jgit",1582775490801
started,bundle,org.eclipse.jsch.core,1.3.0.v20160422-1917,"org.eclipse.jsch.core",1582775490801
started,bundle,org.eclipse.jst.j2ee.webservice,1.1.400.v201302011850,"org.eclipse.jst.j2ee.webservice",1582775490801
started,bundle,org.eclipse.jst.j2ee.webservice.ui,1.1.500.v201302011850,"org.eclipse.jst.j2ee.webservice.ui",1582775490801
started,bundle,org.eclipse.ltk.core.refactoring,3.7.0.v20160419-0705,"org.eclipse.ltk.core.refactoring",1582775490801
started,bundle,org.eclipse.ltk.ui.refactoring,3.8.0.v20160518-1817,"org.eclipse.ltk.ui.refactoring",1582775490801
started,bundle,org.eclipse.m2e.logback.configuration,1.7.0.20160603-1933,"org.eclipse.m2e.logback.configuration",1582775490801
started,bundle,org.eclipse.mylyn.bugzilla.core,3.21.0.v20160909-1813,"org.eclipse.mylyn.bugzilla.core",1582775490801
started,bundle,org.eclipse.mylyn.bugzilla.ui,3.21.0.v20160909-1813,"org.eclipse.mylyn.bugzilla.ui",1582775490801
started,bundle,org.eclipse.mylyn.commons.core,3.21.0.v20160707-1856,"org.eclipse.mylyn.commons.core",1582775490801
started,bundle,org.eclipse.mylyn.commons.net,3.21.0.v20160630-1702,"org.eclipse.mylyn.commons.net",1582775490801
started,bundle,org.eclipse.mylyn.commons.notifications.core,1.13.0.v20160630-1702,"org.eclipse.mylyn.commons.notifications.core",1582775490802
started,bundle,org.eclipse.mylyn.commons.notifications.feed,1.13.0.v20160721-2347,"org.eclipse.mylyn.commons.notifications.feed",1582775490803
started,bundle,org.eclipse.mylyn.commons.notifications.ui,1.13.0.v20160630-1702,"org.eclipse.mylyn.commons.notifications.ui",1582775490803
started,bundle,org.eclipse.mylyn.commons.repositories.ui,1.13.0.v20160630-1702,"org.eclipse.mylyn.commons.repositories.ui",1582775490803
started,bundle,org.eclipse.mylyn.commons.ui,3.21.0.v20160630-1702,"org.eclipse.mylyn.commons.ui",1582775490803
started,bundle,org.eclipse.mylyn.commons.workbench,3.21.0.v20160630-1702,"org.eclipse.mylyn.commons.workbench",1582775490803
started,bundle,org.eclipse.mylyn.context.core,3.21.0.v20160701-1337,"org.eclipse.mylyn.context.core",1582775490803
started,bundle,org.eclipse.mylyn.context.tasks.ui,3.21.0.v20160815-2336,"org.eclipse.mylyn.context.tasks.ui",1582775490803
started,bundle,org.eclipse.mylyn.monitor.ui,3.21.0.v20160630-1702,"org.eclipse.mylyn.monitor.ui",1582775490804
started,bundle,org.eclipse.mylyn.tasks.ui,3.21.0.v20160913-2131,"org.eclipse.mylyn.tasks.ui",1582775490804
started,bundle,org.eclipse.mylyn.team.ui,3.21.0.v20160701-1337,"org.eclipse.mylyn.team.ui",1582775490804
started,bundle,org.eclipse.oomph.base,1.7.0.v20170201-1645,"org.eclipse.oomph.base",1582775490804
started,bundle,org.eclipse.oomph.base.edit,1.7.0.v20170104-1401,"org.eclipse.oomph.base.edit",1582775490804
started,bundle,org.eclipse.oomph.jreinfo.ui,1.7.0.v20161220-1444,"org.eclipse.oomph.jreinfo.ui",1582775490804
started,bundle,org.eclipse.oomph.p2,1.7.0.v20170104-1401,"org.eclipse.oomph.p2",1582775490804
started,bundle,org.eclipse.oomph.p2.core,1.7.0.v20170228-1751,"org.eclipse.oomph.p2.core",1582775490804
started,bundle,org.eclipse.oomph.p2.edit,1.7.0.v20170104-1401,"org.eclipse.oomph.p2.edit",1582775490804
started,bundle,org.eclipse.oomph.p2.ui,1.7.0.v20161231-0937,"org.eclipse.oomph.p2.ui",1582775490804
started,bundle,org.eclipse.oomph.predicates,1.7.0.v20170104-1401,"org.eclipse.oomph.predicates",1582775490804
started,bundle,org.eclipse.oomph.predicates.edit,1.7.0.v20170104-1401,"org.eclipse.oomph.predicates.edit",1582775490804
started,bundle,org.eclipse.oomph.preferences,1.7.0.v20170104-1401,"org.eclipse.oomph.preferences",1582775490804
started,bundle,org.eclipse.oomph.resources,1.7.0.v20170217-1028,"org.eclipse.oomph.resources",1582775490804
started,bundle,org.eclipse.oomph.setup,1.7.0.v20170224-1311,"org.eclipse.oomph.setup",1582775490804
started,bundle,org.eclipse.oomph.setup.core,1.7.0.v20170301-0747,"org.eclipse.oomph.setup.core",1582775490804
started,bundle,org.eclipse.oomph.setup.edit,1.7.0.v20170104-1401,"org.eclipse.oomph.setup.edit",1582775490804
started,bundle,org.eclipse.oomph.setup.p2,1.7.0.v20170217-1051,"org.eclipse.oomph.setup.p2",1582775490804
started,bundle,org.eclipse.oomph.setup.p2.edit,1.7.0.v20161230-1057,"org.eclipse.oomph.setup.p2.edit",1582775490804
started,bundle,org.eclipse.oomph.setup.sync,1.7.0.v20170201-1631,"org.eclipse.oomph.setup.sync",1582775490805
started,bundle,org.eclipse.oomph.setup.ui,1.7.0.v20170305-1123,"org.eclipse.oomph.setup.ui",1582775490805
started,bundle,org.eclipse.oomph.ui,1.7.0.v20170222-1350,"org.eclipse.oomph.ui",1582775490805
started,bundle,org.eclipse.oomph.util,1.7.0.v20170303-0927,"org.eclipse.oomph.util",1582775490805
started,bundle,org.eclipse.oomph.workingsets,1.7.0.v20170104-1401,"org.eclipse.oomph.workingsets",1582775490805
started,bundle,org.eclipse.oomph.workingsets.editor,1.7.0.v20161230-1057,"org.eclipse.oomph.workingsets.editor",1582775490805
started,bundle,org.eclipse.pde.core,3.11.1.v20161115-1951,"org.eclipse.pde.core",1582775490805
started,bundle,org.eclipse.pde.launching,3.6.401.v20161115-0549,"org.eclipse.pde.launching",1582775490805
started,bundle,org.eclipse.pde.ui,3.9.100.v20161102-0517,"org.eclipse.pde.ui",1582775490806
started,bundle,org.eclipse.rse.connectorservice.local,2.1.400.201403100950,"org.eclipse.rse.connectorservice.local",1582775490806
started,bundle,org.eclipse.rse.core,3.3.100.201603151753,"org.eclipse.rse.core",1582775490806
started,bundle,org.eclipse.rse.files.ui,3.2.200.201507172213,"org.eclipse.rse.files.ui",1582775490806
started,bundle,org.eclipse.rse.services,3.3.0.201506120731,"org.eclipse.rse.services",1582775490806
started,bundle,org.eclipse.rse.services.local,2.2.1.201507180454,"org.eclipse.rse.services.local",1582775490806
started,bundle,org.eclipse.rse.subsystems.files.core,3.3.1.201403100950,"org.eclipse.rse.subsystems.files.core",1582775490806
started,bundle,org.eclipse.rse.subsystems.files.local,2.1.300.201403251512,"org.eclipse.rse.subsystems.files.local",1582775490806
started,bundle,org.eclipse.rse.subsystems.shells.core,3.1.300.201403271554,"org.eclipse.rse.subsystems.shells.core",1582775490807
started,bundle,org.eclipse.rse.subsystems.shells.local,2.1.400.201403100950,"org.eclipse.rse.subsystems.shells.local",1582775490807
started,bundle,org.eclipse.rse.ui,3.3.300.201610252046,"org.eclipse.rse.ui",1582775490807
started,bundle,org.eclipse.team.core,3.8.0.v20160418-1534,"org.eclipse.team.core",1582775490807
started,bundle,org.eclipse.team.ui,3.8.0.v20160518-1906,"org.eclipse.team.ui",1582775490807
started,bundle,org.eclipse.tm.terminal.view.ui,4.2.0.201609191434,"org.eclipse.tm.terminal.view.ui",1582775490807
started,bundle,org.eclipse.ui,3.108.1.v20160929-1045,"org.eclipse.ui",1582775490807
started,bundle,org.eclipse.ui.console,3.6.201.v20161107-0337,"org.eclipse.ui.console",1582775490807
started,bundle,org.eclipse.ui.editors,3.10.1.v20161106-1856,"org.eclipse.ui.editors",1582775490807
started,bundle,org.eclipse.ui.ide,3.12.3.v20170119-0935,"org.eclipse.ui.ide",1582775490807
started,bundle,org.eclipse.ui.ide.application,1.1.101.v20160829-0827,"org.eclipse.ui.ide.application",1582775490807
started,bundle,org.eclipse.ui.intro,3.5.2.v20161116-1147,"org.eclipse.ui.intro",1582775490807
started,bundle,org.eclipse.ui.intro.quicklinks,1.0.0.v20160515-0255,"org.eclipse.ui.intro.quicklinks",1582775490807
started,bundle,org.eclipse.ui.intro.universal,3.3.1.v20160829-1558,"org.eclipse.ui.intro.universal",1582775490807
started,bundle,org.eclipse.ui.monitoring,1.1.2.v20170203-1115,"org.eclipse.ui.monitoring",1582775490807
started,bundle,org.eclipse.ui.navigator,3.6.101.v20161006-1120,"org.eclipse.ui.navigator",1582775490808
started,bundle,org.eclipse.ui.navigator.resources,3.5.101.v20161006-0640,"org.eclipse.ui.navigator.resources",1582775490808
started,bundle,org.eclipse.ui.net,1.3.0.v20160426-1633,"org.eclipse.ui.net",1582775490808
started,bundle,org.eclipse.ui.themes,1.1.300.v20161107-1827,"org.eclipse.ui.themes",1582775490808
started,bundle,org.eclipse.ui.trace,1.0.400.v20160509-1055,"org.eclipse.ui.trace",1582775490808
started,bundle,org.eclipse.ui.views.log,1.2.1.v20160829-0826,"org.eclipse.ui.views.log",1582775490808
started,bundle,org.eclipse.ui.workbench,3.108.3.v20170216-1539,"org.eclipse.ui.workbench",1582775490808
started,bundle,org.eclipse.ui.workbench.texteditor,3.10.1.v20160818-1626,"org.eclipse.ui.workbench.texteditor",1582775490808
started,bundle,org.eclipse.update.configurator,3.3.400.v20160506-0750,"org.eclipse.update.configurator",1582775490809
started,bundle,org.eclipse.userstorage,1.0.1.v20170201-1648,"org.eclipse.userstorage",1582775490809
started,bundle,org.eclipse.userstorage.ui,1.0.1.v20170201-1648,"org.eclipse.userstorage.ui",1582775490809
started,bundle,org.eclipse.wst.common.emf,1.2.500.v201701191735,"org.eclipse.wst.common.emf",1582775490809
started,bundle,org.eclipse.wst.common.emfworkbench.integration,1.2.101.v201107081800,"org.eclipse.wst.common.emfworkbench.integration",1582775490809
started,bundle,org.eclipse.wst.common.frameworks,1.2.200.v201304241450,"org.eclipse.wst.common.frameworks",1582775490809
started,bundle,org.eclipse.wst.common.project.facet.core,1.4.300.v201111030423,"org.eclipse.wst.common.project.facet.core",1582775490809
started,bundle,org.eclipse.wst.web,1.1.800.v201312041437,"org.eclipse.wst.web",1582775490809
started,bundle,org.eclipse.ecf.provider.filetransfer.httpclient,4.0.0.v20100529-0735,"org.eclipse.ecf.provider.filetransfer.httpclient",1582775490809
started,bundle,org.eclipse.epp.usagedata.gathering,1.3.0.R201005261100,"org.eclipse.epp.usagedata.gathering",1582775490809
started,bundle,org.eclipse.epp.usagedata.recording,1.3.0.R201005261100,"org.eclipse.epp.usagedata.recording",1582775490809
started,bundle,org.eclipse.equinox.event,1.2.0.v20100503,"org.eclipse.equinox.event",1582775490810
started,bundle,org.eclipse.team.cvs.core,3.3.300.I20100526-0800,"org.eclipse.team.cvs.core",1582775490810
started,bundle,org.eclipse.team.cvs.ui,3.3.301.R36x_v20100825-0800,"org.eclipse.team.cvs.ui",1582775490810
started,bundle,org.eclipse.update.core,3.2.402.R36x_v20100629,"org.eclipse.update.core",1582775490810
started,bundle,org.eclipse.update.scheduler,3.2.300.v20100512,"org.eclipse.update.scheduler",1582775490810
os,sysinfo,,,"win32",1582775490814
arch,sysinfo,,,"x86",1582775490814
ws,sysinfo,,,"win32",1582775490814
locale,sysinfo,,,"en_IN",1582775490814
processors,sysinfo,,,"4",1582775490814
java.runtime.name,sysinfo,,,"Java(TM) SE Runtime Environment",1582775490814
java.runtime.version,sysinfo,,,"1.8.0_221-b11",1582775490814
java.specification.name,sysinfo,,,"Java Platform API Specification",1582775490814
java.specification.vendor,sysinfo,,,"Oracle Corporation",1582775490814
java.specification.version,sysinfo,,,"1.8",1582775490814
java.vendor,sysinfo,,,"Oracle Corporation",1582775490814
java.version,sysinfo,,,"1.8.0_221",1582775490814
java.vm.info,sysinfo,,,"mixed mode",1582775490814
java.vm.name,sysinfo,,,"Java HotSpot(TM) Client VM",1582775490814
java.vm.specification.name,sysinfo,,,"Java Virtual Machine Specification",1582775490814
java.vm.specification.vendor,sysinfo,,,"Oracle Corporation",1582775490814
java.vm.specification.version,sysinfo,,,"1.8",1582775490814
java.vm.vendor,sysinfo,,,"Oracle Corporation",1582775490814
java.vm.version,sysinfo,,,"25.221-b11",1582775490814
deactivated,workbench,org.eclipse.ui.workbench,3.108.3.v20170216-1539,"",1582775494010
activated,workbench,org.eclipse.ui.workbench,3.108.3.v20170216-1539,"",1582775504351
executed,command,org.eclipse.ui.ide,3.12.3.v20170119-0935,"org.eclipse.e4.ui.importer.openDirectory",1582775504359
deactivated,workbench,org.eclipse.ui.workbench,3.108.3.v20170216-1539,"",1582775514766
activated,workbench,org.eclipse.ui.workbench,3.108.3.v20170216-1539,"",1582775525075
executed,command,org.eclipse.ui.ide,3.12.3.v20170119-0935,"org.eclipse.e4.ui.importer.openDirectory",1582775525083
executed,command,org.eclipse.ui,3.108.1.v20160929-1045,"org.eclipse.ui.views.showView",1582775534863
deactivated,workbench,org.eclipse.ui.workbench,3.108.3.v20170216-1539,"",1582775543956
started,bundle,org.eclipse.jst.j2ee.ui,1.1.900.v201602161345,"org.eclipse.jst.j2ee.ui",1582775544180
opened,workbench,org.eclipse.ui.workbench,3.108.3.v20170216-1539,"",1582775544381
activated,perspective,org.eclipse.jst.j2ee.ui,1.1.900.v201602161345,"org.eclipse.jst.j2ee.J2EEPerspective",1582775544381
executed,command,org.eclipse.ui,3.108.1.v20160929-1045,"org.eclipse.ui.window.newWindow",1582775544381
deactivated,workbench,org.eclipse.ui.workbench,3.108.3.v20170216-1539,"",1582775546908
activated,workbench,org.eclipse.ui.workbench,3.108.3.v20170216-1539,"",1582775546933
deactivated,workbench,org.eclipse.ui.workbench,3.108.3.v20170216-1539,"",1582775546990
activated,workbench,org.eclipse.ui.workbench,3.108.3.v20170216-1539,"",1582775546999
deactivated,workbench,org.eclipse.ui.workbench,3.108.3.v20170216-1539,"",1582775550043
activated,workbench,org.eclipse.ui.workbench,3.108.3.v20170216-1539,"",1582775550133
deactivated,workbench,org.eclipse.ui.workbench,3.108.3.v20170216-1539,"",1582775551548
started,bundle,org.eclipse.jst.j2ee.navigator.ui,1.1.600.v201302011850,"org.eclipse.jst.j2ee.navigator.ui",1582775551928
activated,workbench,org.eclipse.ui.workbench,3.108.3.v20170216-1539,"",1582775552498
deactivated,workbench,org.eclipse.ui.workbench,3.108.3.v20170216-1539,"",1582775552534
activated,workbench,org.eclipse.ui.workbench,3.108.3.v20170216-1539,"",1582775554000
deactivated,workbench,org.eclipse.ui.workbench,3.108.3.v20170216-1539,"",1582775554012
activated,workbench,org.eclipse.ui.workbench,3.108.3.v20170216-1539,"",1582775556918
deactivated,workbench,org.eclipse.ui.workbench,3.108.3.v20170216-1539,"",1582775561156
activated,workbench,org.eclipse.ui.workbench,3.108.3.v20170216-1539,"",1582775580687
executed,command,org.eclipse.ui.ide,3.12.3.v20170119-0935,"org.eclipse.e4.ui.importer.openDirectory",1582775580693
started,bundle,org.eclipse.cft.server.ui,1.0.108.v201703012110,"org.eclipse.cft.server.ui",1582775582121
started,bundle,org.eclipse.cft.server.standalone.ui,1.0.4.v201703012110,"org.eclipse.cft.server.standalone.ui",1582775582121
started,bundle,org.eclipse.tm.terminal.connector.local,4.2.0.201609191434,"org.eclipse.tm.terminal.connector.local",1582775582131
started,bundle,org.eclipse.tm.terminal.control,4.2.0.201609191434,"org.eclipse.tm.terminal.control",1582775582132
executed,command,org.eclipse.ui,3.108.1.v20160929-1045,"org.eclipse.ui.file.refresh",1582775583870
deactivated,workbench,org.eclipse.ui.workbench,3.108.3.v20170216-1539,"",1582775588973
activated,workbench,org.eclipse.ui.workbench,3.108.3.v20170216-1539,"",1582775658124
activated,view,org.eclipse.ui.views,,"org.eclipse.ui.views.ContentOutline",1582775660149
closed,view,org.eclipse.ui.navigator.resources,3.5.101.v20161006-0640,"org.eclipse.ui.navigator.ProjectExplorer",1582775660184
closed,view,org.eclipse.ui.ide,3.12.3.v20170119-0935,"org.eclipse.ui.views.AllMarkersView",1582775660711
closed,view,org.eclipse.ui.views,,"org.eclipse.ui.views.ContentOutline",1582775660723
closed,workbench,org.eclipse.ui.workbench,3.108.3.v20170216-1539,"",1582775660794
activated,view,org.eclipse.ui.navigator.resources,3.5.101.v20161006-0640,"org.eclipse.ui.navigator.ProjectExplorer",1582775662115
activated,workbench,org.eclipse.ui.workbench,3.108.3.v20170216-1539,"",1582775662121
deactivated,workbench,org.eclipse.ui.workbench,3.108.3.v20170216-1539,"",1582775663383
activated,workbench,org.eclipse.ui.workbench,3.108.3.v20170216-1539,"",1582775665148
closed,view,org.eclipse.ui.views,,"org.eclipse.ui.views.ContentOutline",1582775665187
closed,view,org.eclipse.ui.ide,3.12.3.v20170119-0935,"org.eclipse.ui.views.AllMarkersView",1582775665197
closed,view,org.eclipse.ui.navigator.resources,3.5.101.v20161006-0640,"org.eclipse.ui.navigator.ProjectExplorer",1582775665205
closed,workbench,org.eclipse.ui.workbench,3.108.3.v20170216-1539,"",1582775665258
started,bundle,org.eclipse.equinox.p2.garbagecollector,1.0.300.v20160504-1450,"org.eclipse.equinox.p2.garbagecollector",1582775665291
stopped,bundle,org.eclipse.m2e.logback.configuration,1.7.0.20160603-1933,"org.eclipse.m2e.logback.configuration",1582775665458
stopped,bundle,org.eclipse.recommenders.apidocs.rcp,2.4.6.v20170307-1041,"org.eclipse.recommenders.apidocs.rcp",1582775665458
stopped,bundle,org.eclipse.recommenders.coordinates.rcp,2.4.6.v20170307-1041,"org.eclipse.recommenders.coordinates.rcp",1582775665458
stopped,bundle,org.eclipse.recommenders.models,2.4.6.v20170307-1041,"org.eclipse.recommenders.models",1582775665459
stopped,bundle,org.eclipse.recommenders.coordinates,2.4.6.v20170307-1041,"org.eclipse.recommenders.coordinates",1582775665459
stopped,bundle,org.eclipse.egit.mylyn.ui,4.6.1.201703071140-r,"org.eclipse.egit.mylyn.ui",1582775665459
stopped,bundle,org.eclipse.tm.terminal.connector.local,4.2.0.201609191434,"org.eclipse.tm.terminal.connector.local",1582775665459
stopped,bundle,org.eclipse.tm.terminal.connector.process,4.2.0.201609191434,"org.eclipse.tm.terminal.connector.process",1582775665460
stopped,bundle,org.eclipse.tm.terminal.connector.serial,4.2.0.201609191434,"org.eclipse.tm.terminal.connector.serial",1582775665460
stopped,bundle,org.eclipse.tm.terminal.connector.ssh,4.2.0.201609191434,"org.eclipse.tm.terminal.connector.ssh",1582775665460
stopped,bundle,org.eclipse.tm.terminal.connector.telnet,4.2.0.201609191434,"org.eclipse.tm.terminal.connector.telnet",1582775665460
stopped,bundle,org.eclipse.tm.terminal.view.ui,4.2.0.201609191434,"org.eclipse.tm.terminal.view.ui",1582775665460
stopped,bundle,org.eclipse.egit.ui,4.6.1.201703071140-r,"org.eclipse.egit.ui",1582775665460
stopped,bundle,org.eclipse.oomph.setup.editor,1.7.0.v20170104-1401,"org.eclipse.oomph.setup.editor",1582775665460
stopped,bundle,org.eclipse.oomph.resources.edit,1.7.0.v20170103-0924,"org.eclipse.oomph.resources.edit",1582775665460
stopped,bundle,org.eclipse.oomph.workingsets.editor,1.7.0.v20161230-1057,"org.eclipse.oomph.workingsets.editor",1582775665460
stopped,bundle,org.eclipse.oomph.workingsets.edit,1.7.0.v20170104-1401,"org.eclipse.oomph.workingsets.edit",1582775665460
stopped,bundle,org.eclipse.oomph.predicates.edit,1.7.0.v20170104-1401,"org.eclipse.oomph.predicates.edit",1582775665460
stopped,bundle,org.eclipse.oomph.resources,1.7.0.v20170217-1028,"org.eclipse.oomph.resources",1582775665461
stopped,bundle,org.eclipse.oomph.workingsets,1.7.0.v20170104-1401,"org.eclipse.oomph.workingsets",1582775665461
stopped,bundle,org.eclipse.oomph.predicates,1.7.0.v20170104-1401,"org.eclipse.oomph.predicates",1582775665461
stopped,bundle,org.eclipse.egit.core,4.6.1.201703071140-r,"org.eclipse.egit.core",1582775665461
stopped,bundle,org.eclipse.datatools.enablement.hsqldb.ui,1.1.0.201603142002,"org.eclipse.datatools.enablement.hsqldb.ui",1582775665461
stopped,bundle,org.eclipse.datatools.enablement.ingres.ui,1.1.0.201603142002,"org.eclipse.datatools.enablement.ingres.ui",1582775665461
stopped,bundle,org.eclipse.datatools.enablement.postgresql.ui,1.1.0.201603142002,"org.eclipse.datatools.enablement.postgresql.ui",1582775665461
stopped,bundle,org.eclipse.datatools.enablement.sqlite.ui,1.1.0.201603142002,"org.eclipse.datatools.enablement.sqlite.ui",1582775665461
stopped,bundle,org.eclipse.jpt.jpa.eclipselink.ui,2.4.100.v201603180253,"org.eclipse.jpt.jpa.eclipselink.ui",1582775665461
stopped,bundle,org.eclipse.jpt.jpa.ui,3.4.100.v201607131827,"org.eclipse.jpt.jpa.ui",1582775665461
stopped,bundle,org.eclipse.jpt.jpa.db.ui,2.1.200.v201603180253,"org.eclipse.jpt.jpa.db.ui",1582775665462
stopped,bundle,org.eclipse.datatools.connectivity.db.generic.ui,1.1.0.201603142002,"org.eclipse.datatools.connectivity.db.generic.ui",1582775665462
stopped,bundle,org.eclipse.datatools.connectivity.apache.derby.ui,1.1.0.201603142002,"org.eclipse.datatools.connectivity.apache.derby.ui",1582775665462
stopped,bundle,org.eclipse.datatools.enablement.sybase.asa.schemaobjecteditor.examples,2.6.0.200810071,"org.eclipse.datatools.enablement.sybase.asa.schemaobjecteditor.examples",1582775665462
stopped,bundle,org.eclipse.datatools.enablement.sybase.asa.ui,1.1.0.201603142002,"org.eclipse.datatools.enablement.sybase.asa.ui",1582775665462
stopped,bundle,org.eclipse.datatools.enablement.sybase.ase.ui,1.1.0.201603142002,"org.eclipse.datatools.enablement.sybase.ase.ui",1582775665462
stopped,bundle,org.eclipse.datatools.enablement.sybase.ui,1.1.0.201603142002,"org.eclipse.datatools.enablement.sybase.ui",1582775665462
stopped,bundle,org.eclipse.datatools.sqltools.data.ui,1.3.0.201603142002,"org.eclipse.datatools.sqltools.data.ui",1582775665464
stopped,bundle,org.eclipse.datatools.connectivity.sqm.server.ui,1.2.0.201603142002,"org.eclipse.datatools.connectivity.sqm.server.ui",1582775665464
stopped,bundle,org.eclipse.datatools.sqltools.ddlgen.ui,1.1.0.201603142002,"org.eclipse.datatools.sqltools.ddlgen.ui",1582775665464
stopped,bundle,org.eclipse.datatools.sqltools.db.derby.ui,1.1.0.201603142002,"org.eclipse.datatools.sqltools.db.derby.ui",1582775665464
stopped,bundle,org.eclipse.datatools.sqltools.db.generic.ui,1.1.0.201603142002,"org.eclipse.datatools.sqltools.db.generic.ui",1582775665464
stopped,bundle,org.eclipse.datatools.sqltools.debugger.core.ui,1.1.0.201603142002,"org.eclipse.datatools.sqltools.debugger.core.ui",1582775665464
stopped,bundle,org.eclipse.datatools.sqltools.routineeditor.ui,1.1.0.201603142002,"org.eclipse.datatools.sqltools.routineeditor.ui",1582775665464
stopped,bundle,org.eclipse.datatools.sqltools.sqlbuilder,1.1.0.201603142002,"org.eclipse.datatools.sqltools.sqlbuilder",1582775665465
stopped,bundle,org.eclipse.datatools.sqltools.debugger.core,1.1.0.201603142002,"org.eclipse.datatools.sqltools.debugger.core",1582775665465
stopped,bundle,org.eclipse.datatools.sqltools.schemaobjecteditor.ui.pages,1.2.0.200810071,"org.eclipse.datatools.sqltools.schemaobjecteditor.ui.pages",1582775665465
stopped,bundle,org.eclipse.datatools.sqltools.schemaobjecteditor.ui,1.2.0.200810071,"org.eclipse.datatools.sqltools.schemaobjecteditor.ui",1582775665465
stopped,bundle,org.eclipse.datatools.sqltools.sqlscrapbook,1.1.0.201603142002,"org.eclipse.datatools.sqltools.sqlscrapbook",1582775665465
stopped,bundle,org.eclipse.datatools.sqltools.sqleditor,1.1.0.201603142002,"org.eclipse.datatools.sqltools.sqleditor",1582775665465
stopped,bundle,org.eclipse.datatools.sqltools.editor.core.ui,1.1.0.201603142002,"org.eclipse.datatools.sqltools.editor.core.ui",1582775665465
stopped,bundle,org.eclipse.datatools.sqltools.tabledataeditor,1.1.0.201603142002,"org.eclipse.datatools.sqltools.tabledataeditor",1582775665465
stopped,bundle,org.eclipse.datatools.connectivity.sqm.core.ui,1.3.0.201603142002,"org.eclipse.datatools.connectivity.sqm.core.ui",1582775665465
stopped,bundle,org.eclipse.jst.j2ee.ejb.annotations.ui,1.1.300.v201701262105,"org.eclipse.jst.j2ee.ejb.annotations.ui",1582775665465
stopped,bundle,org.eclipse.datatools.connectivity.ui.dse,1.2.0.201603142002,"org.eclipse.datatools.connectivity.ui.dse",1582775665465
stopped,bundle,org.eclipse.egit.doc,4.6.1.201703071140-r,"org.eclipse.egit.doc",1582775665465
stopped,bundle,org.eclipse.jst.j2ee.xdoclet.runtime,1.1.300.v201004280609,"org.eclipse.jst.j2ee.xdoclet.runtime",1582775665465
stopped,bundle,org.eclipse.jst.j2ee.ejb.annotations.xdoclet,1.2.300.v201701262105,"org.eclipse.jst.j2ee.ejb.annotations.xdoclet",1582775665465
stopped,bundle,org.eclipse.jst.jsf.apache.trinidad.tagsupport,1.4.0.v201309172102,"org.eclipse.jst.jsf.apache.trinidad.tagsupport",1582775665465
stopped,bundle,org.eclipse.jst.jsf.facesconfig.ui,1.5.0.v201309172102,"org.eclipse.jst.jsf.facesconfig.ui",1582775665465
stopped,bundle,org.eclipse.jst.jsf.facelet.ui,1.3.110.v201603071844,"org.eclipse.jst.jsf.facelet.ui",1582775665465
stopped,bundle,org.eclipse.jst.jsf.ui,1.6.0.v201309172102,"org.eclipse.jst.jsf.ui",1582775665466
stopped,bundle,org.eclipse.jst.pagedesigner.jsf.ui,1.5.0.v201309172102,"org.eclipse.jst.pagedesigner.jsf.ui",1582775665466
stopped,bundle,org.eclipse.jst.pagedesigner,1.7.110.v201603071844,"org.eclipse.jst.pagedesigner",1582775665466
stopped,bundle,org.eclipse.jst.jsf.common.ui,1.5.0.v201309172102,"org.eclipse.jst.jsf.common.ui",1582775665466
stopped,bundle,org.eclipse.pde.ua.ui,1.1.0.v20160518-1843,"org.eclipse.pde.ua.ui",1582775665466
